x1,x2,x3,x4,x5,x6,x7,x8,x9,x10,x11,x12,x13,x14,x15,x16,x17,x18,x19,x20,x21,x22,x23,x24,x25,x26,x27,x28,x29,x30,x31,x32,x33,x34,x35,x36,x37,x38,x39,x40,x41,x42,x43,x44,x45,x46,x47,x48,x49,x50,x51,x52,x53,x54,x55,x56,x57,x58,x59,x60,x61,x62,x63,x64,x65,x66,x67,x68,x69,x70,x71,x72,x73,x74,x75,x76,x77,x78
27.39066071974086,19.760371799482442,19.389092140004315,20.013763032960732,18.538511113387692,20.39892713806987,20.433611138252537,19.78180645855553,21.553955976269133,20.194846936503076,17.25354441430001,19.828897052213495,23.136646778392898,19.365880167712554,22.020474737396782,20.039580959688614,21.816784332690855,20.894236879884815,22.063771705040846,17.098370528920924,17.482739913256328,18.40006382249526,18.095222328244535,20.648165148551968,19.63725700255815,17.573491329238376,17.001779665569245,20.389791207618806,17.13200943273675,20.6699644614743,20.17344146366998,23.17047709153987,21.61137058116118,20.39498268091534,17.974791490431013,20.602345386195076,20.211146244845857,21.481731052829875,20.16153518166599,22.483390036556546,23.100354093368527,18.486463520297104,19.575288523324918,18.299847263756035,17.836889603166437,22.649528647419732,20.367013242415428,22.28685928381895,22.996709136236095,19.967671320197425,19.81040117729081,20.00626404395633,19.720639432743504,19.750603641667162,22.13171838517283,17.31418031742796,22.244961128998295,22.656930419606244,21.545325843778336,22.155110511784503,19.024751347959192,18.210358857940435,21.17001761116507,21.368654231812425,18.739461454039,16.286747697896914,18.832504271860497,17.718684679873245,17.834353633996795,21.136806193823094,21.576874578910058,21.133731336297412,20.61379428954283,19.650069932637102,19.38734270559697,20.1606762500203,19.11618271853511,20.419557227711977
19.760371799482442,25.18198137707843,20.03228651465794,17.725444916607334,18.437433540104447,16.70153506241523,20.064713662574597,18.653541531987948,19.944346001182804,17.849337980549937,16.863329606545484,19.307013909244986,20.297221404928344,19.119898050692242,21.359811384297746,17.41703390185028,19.80214747987715,18.957668877371272,20.52828782398787,15.991865041547877,17.00657891755178,18.712881308987473,18.71080629537457,19.215090005788515,17.502383073198367,17.193269108558965,17.428074658371724,19.815443919197985,15.842392832065155,19.683873922331816,18.89378973751395,22.624757694395264,18.027704845104722,21.021044038448665,18.295760126627485,19.808070636977522,20.538898623478634,19.99790944542607,20.574852858141508,20.36105548589489,20.43265199707312,17.425044703382163,19.21569185906837,18.316166221690896,16.905360853191613,20.090382790077467,19.340755821890625,20.727052761389302,19.873611892825725,19.934839959384895,19.73324626587103,19.592145066255167,18.973100280892943,18.01939467928685,21.07516246284599,17.036534695573447,21.242555089348848,20.919756517929287,18.856936595239887,21.28748956401115,18.712205444294028,18.306935473845243,19.188958124719807,19.81670178572381,16.616986660541436,16.767521659471203,19.096101968941344,18.13468856425038,18.053347127041967,20.263163744717716,18.755122805178473,19.50772894001063,19.781289697617957,17.201888590052963,18.330189698328482,20.175851980875553,18.320475553886396,19.78819323194928
19.389092140004315,20.03228651465794,25.34005216178871,17.43365919894228,18.263964967341117,17.946584147007975,20.567960236133008,18.444347303949108,20.339888234411667,17.074597624537,17.23138155257508,19.19531419806033,19.839146077484312,18.489190984779015,21.28404500022781,17.6981324692255,20.821170553965466,19.607919795811938,21.465115297585548,17.36623204162427,16.08286522759388,18.26918380572109,17.811432241338412,19.27823356134306,18.695198109333298,18.58632897746441,16.94989680089132,17.323272470890068,16.925246249066827,18.83911585668318,18.59210064397619,21.98113359505998,17.119205953032495,21.654574690612133,18.638994933466023,18.97775773615061,19.473146546469767,19.869687955326324,18.93612082444585,20.64069666606454,19.916614921878654,16.975950873365232,18.880070593525293,17.46927560343919,16.148018114848128,19.478074131016083,19.75657774854793,20.810862071226456,19.44131100241359,19.028661577964577,18.854542788044764,19.023372337773395,18.75454168880513,18.24036619015268,20.318456109071523,16.21188063568562,21.14301029897065,20.033329638162968,19.027650657977826,20.471026263436368,17.971880958389413,17.577792911982808,19.512424159677018,18.03871298561947,16.795146036271408,16.937386387641006,18.444559242592042,17.927232254645503,18.42584876711122,19.110831251696105,19.191808877324238,20.04074955010477,17.844106632278454,18.501504245669103,17.401781908002203,17.936644784992545,18.451177084491196,17.67928976864218
20.013763032960732,17.725444916607334,17.43365919894228,23.661974484742228,17.710429594847252,18.377388131435794,17.384375872816868,19.71185626420601,19.469540914495532,17.495520044460523,17.62168238543961,18.46430405443282,19.002728231493418,18.641186348700874,22.002197757119077,17.555811069008982,17.626466843348542,18.714123188983734,20.273211509888895,14.403524371162044,16.40686348958204,18.41311804325243,17.468598004974915,18.6437011462914,17.930183958778038,16.59151430281279,17.958827623645426,18.81615347054862,15.623139264608877,19.91142961812614,19.221344427716566,22.135953738253598,20.029565131041565,19.49766501655716,16.91653873511087,19.49906408255354,17.492002830243997,20.062985775773605,18.332913026888093,19.741080954841575,21.08909893358251,17.678366154156812,18.023591396874156,16.637783229090306,14.736214400163393,20.287539552620906,19.842838510050697,20.101532548265997,20.37025595935709,19.276336258359226,18.951609868127793,19.354148994396056,17.998338456720415,18.45952138427782,20.399844852256418,15.119851914792807,20.152591266170067,19.678013297961233,19.069137588023157,18.794382675941844,18.943153816464456,17.959714342352843,18.996647937509657,19.103801022675565,16.26034981704285,17.527927471005345,16.66384985918031,18.32023810681345,15.116971662747108,19.36862832771188,19.476943308931475,18.906703729110653,17.331936611984485,18.182721182431496,17.947672350796346,18.42235859659711,17.397862819316973,16.828204629235334
18.538511113387692,18.437433540104447,18.263964967341117,17.710429594847252,22.167678390401683,16.94662383367879,17.931054427004945,17.772879619274168,19.643213778646246,17.215975433205525,17.17556150422221,17.898368234849872,19.23900625150401,19.146380629804383,20.901649025566595,16.534853374258713,18.565501457229896,16.978519983439814,18.99148905536792,15.7848764805331,15.450157527674081,17.869473871018506,17.40352245660975,16.38121765090833,18.68975787159506,17.35031966408138,16.828656917642828,17.277424260884192,16.680676887265566,18.687772243664014,17.37824371467319,19.885914360489274,18.007589300035427,21.11273738467093,17.776010859306638,18.632862431071665,18.01141998273265,18.43729651754762,19.194555692061435,19.789994340249226,19.611777672451257,16.797184768331284,18.464515924249003,17.95739944801985,15.682339263174615,19.549270959639305,18.270800314741617,20.299174172498844,18.685156281797642,18.360279793442974,17.380500751558575,18.021023938331133,16.291261653919882,17.587445803876726,19.230836971320347,14.900717812466358,20.189041777982926,19.22332627466692,19.000411362143883,20.68117850357138,17.78753494200517,17.050378793810054,18.826120619525703,18.718687087464133,15.632577554449899,15.305728835951745,16.240080975962982,16.139498336737606,16.33312271683725,19.56158656512486,17.94252625113981,17.825200844009156,18.24094871992724,17.296795092422016,16.598309145377364,17.552562012252565,17.887544181591725,17.543663529328363
20.39892713806987,16.70153506241523,17.946584147007975,18.377388131435794,16.94662383367879,23.4783154081598,18.520561633046142,19.301405891488027,18.80615955661569,17.473733003087546,16.437163996457347,19.52163247137838,20.03946000880158,17.382361435780464,20.147356757924616,18.217896204375524,20.16363238775812,17.91290365801832,19.750319610562283,15.21810342019376,16.918653437437868,16.91258325948117,17.345872531549663,18.83691520325799,17.604397743417564,16.515547290853245,17.07478966486201,17.484255068369624,17.21051980253517,19.718520915376445,17.755687478309905,21.18925155057581,17.918224712931096,20.407495417261075,16.239889194737806,18.307819908471675,18.22469486857894,19.676596730970704,17.258210384240243,18.537657045540662,20.160213401117932,18.72997537058918,17.68011078267278,16.506911801698983,17.265063698931513,19.090344089483903,18.902996187572118,20.541134548142548,19.62748008334628,18.938489156627945,17.82638271657127,18.418197115851406,17.941358521110708,18.005709911491618,19.07917451001159,15.846156874982269,19.32805240473304,18.904186642334075,19.38488004897186,18.623297424874195,17.090803910716918,18.44468704725609,18.84986291719536,19.483105185737312,16.163747158015344,15.905483472337888,17.948910753066386,16.189241170256146,15.50345102393946,18.37949679675123,18.88209367801657,17.817211326593153,17.67643936565924,18.30909251076587,18.26931030070252,18.084311013417626,15.9301478153152,17.515517189941058
20.433611138252537,20.064713662574597,20.567960236133008,17.384375872816868,17.931054427004945,18.520561633046142,25.646122592951286,19.006647363292828,19.694615119978334,19.407196249485814,16.666010564189595,18.168057801217444,20.45353397624588,17.629218009622196,20.163360595370197,17.349455457388533,20.775366155500336,19.3632635394988,21.60696106676248,17.827365036755012,17.712081930503103,17.852926320538003,16.78792016602186,19.821405273287926,19.338174477192055,18.86570220780911,18.162319931518933,19.17319392807956,17.786849835127022,20.574230413922102,17.710691399572777,22.93366983821616,19.26199686936948,21.48470509213922,18.24523067852979,19.523129170704753,20.726321524224545,18.95892759973652,19.850883779621967,21.380837612379146,21.52683788950116,18.665557180499036,20.075938845014893,17.31792256192806,17.901488811298798,20.860413138035057,20.618072596738305,22.079537175711195,20.90262884765622,19.644274042518813,18.05825817110018,18.24492416808777,18.74468707849278,18.82973078671975,20.576570167262595,15.984987154706765,21.16492370014654,21.110144154675503,18.37814374698831,21.487871065382986,17.531191734681205,17.024313774464325,18.708156345768256,19.674631792324135,18.138561101507744,16.52025619902647,19.446014536018367,17.752107947666214,18.478908605974322,19.865349059255077,19.859104792484814,19.513157199233923,18.037108723077463,18.17475020090514,17.7010234342864,19.52132761252494,17.491697329982653,19.940060775523936
19.78180645855553,18.653541531987948,18.444347303949108,19.71185626420601,17.772879619274168,19.301405891488027,19.006647363292828,24.843100289922784,21.48657677558531,17.971059334210697,18.304779031868705,18.797913405818672,20.747430141000837,19.687269372092597,21.803366540876144,18.11340163422533,19.420158948085174,19.143841180370927,22.103222806779012,17.06268421132281,19.081766299313454,18.974931412407443,17.62415966161318,20.834657424131095,19.670658815560284,17.569663869302566,17.91474758110602,18.807153278211715,17.929721080581427,22.444834209990766,19.544567878050273,23.429646700318695,20.157673276954547,21.566320344545808,19.57917066871897,20.373826183036595,18.660609502800813,20.446861851478225,18.13344163970889,21.237759642393286,21.73853057888753,19.057642035751368,20.25384475429083,18.04837102817846,17.120870723567094,20.85035544294371,20.20965065112087,21.07940644984105,20.24440379305245,20.42706623718345,19.362132082039484,19.957484099094508,19.018785893318114,19.671931879917846,20.913583542828853,15.833638887705288,21.22248242098824,20.123484081548952,19.942091475860284,20.72263637597568,18.22618474287548,18.878335947585395,20.792426909408398,20.105239387826703,17.81748280994831,17.349099196438154,19.11806925472888,19.520358500798682,17.11669471166186,20.563307739817443,21.295108278882665,19.779735021419196,17.579187983598704,18.867760601492236,17.70188725307331,18.10259121963793,19.13812509551211,18.422929499199697
21.553955976269133,19.944346001182804,20.339888234411667,19.469540914495532,19.643213778646246,18.80615955661569,19.694615119978334,21.48657677558531,28.335966261413827,19.53339346368845,19.89216972229615,20.181357695128224,21.539274535493206,20.026092001370746,23.959123287040743,19.6740115224656,22.010189276444112,20.00324009875302,21.778635733649917,18.455240591919328,18.319914357726184,19.952878729681636,19.356929460190184,19.40364917201651,23.06980984389109,18.69111710809768,18.79483460751362,19.550522738241842,18.109491535329767,21.40676760812479,20.329112897313546,25.03093738264611,19.29171794910743,22.214876289497614,20.616423499246643,20.91973270350984,20.107084874232736,21.115955975086557,20.501871394727072,22.944924491024338,23.772815128189034,18.690962792831257,20.296554048153297,18.73520047807779,18.06626823032985,22.64537495540207,19.981450621182685,23.06406412481214,22.18171554364466,21.816789056333437,20.53639595382444,21.995592255834975,19.87676444615791,20.815242095574,22.296217542270576,17.601556796231037,21.847256835840845,23.326113767240972,19.930098247788404,22.011769994939396,19.144435535892246,18.441106479471816,21.72611360599071,20.68756885036575,18.72429686235333,16.894243723794148,19.097181376646592,19.475051158672926,18.794781648642903,22.942755923684448,20.638358499684045,20.77465527543248,20.446969798998897,20.350038484713476,19.566059073454284,17.885373088065684,19.946697950666504,20.266555143387873
20.194846936503076,17.849337980549937,17.074597624537,17.495520044460523,17.215975433205525,17.473733003087546,19.407196249485814,17.971059334210697,19.53339346368845,23.872193955293763,15.319797501482713,16.976046775081304,19.36653477086045,17.37971545900815,21.00525170839381,18.037375597411202,19.370112535935817,17.915707259713113,18.48522640741314,16.679231643292667,15.262936505462077,17.10200102399485,15.996485938107954,18.16267571151782,17.726801345725978,16.613448562244017,17.906325194075276,17.447884456930673,15.947990176106044,19.24267348226896,17.48426400808771,21.402965868341795,17.145186036653335,19.07517210989922,16.145464337887272,17.718123646944463,18.48259263458364,18.370936856966004,19.05925085253143,20.62665668715559,20.351319160699536,17.09208991092701,18.065226805672356,15.662441979359219,15.499808496936915,21.155242169747964,18.607403051874932,19.978489884183183,19.380312617449256,16.94256274649954,18.57859890180558,17.553684594310223,18.90234032490103,18.299597938729782,19.43060367710788,16.638777971514507,20.626199340259266,19.839766281078024,18.23862290463086,19.107645374310245,17.27413287508321,16.671402781462124,20.525796548485292,19.14377197285676,16.82963199172371,15.892232793574948,17.24408553076357,17.151034424170795,15.701555358696801,19.99209616052152,18.553052773768886,18.681139888730407,17.34330720712157,17.569293768790132,16.787052465377705,17.777250722415292,16.478042972070984,17.375612364045736
17.25354441430001,16.863329606545484,17.23138155257508,17.62168238543961,17.17556150422221,16.437163996457347,16.666010564189595,18.304779031868705,19.89216972229615,15.319797501482713,22.32720944339493,16.963032830725595,18.497869717799677,17.451223338482766,19.428402658036543,17.389520248824365,18.858481779690315,16.413761869781197,19.727327061318608,14.451955656373542,16.141680426647714,17.719568837024017,17.703524158854506,17.222648269951776,19.465525544245004,15.810564007664988,16.845370482713918,16.987928230183915,16.739270137368575,18.884343096900746,19.09137904413595,20.906574989141223,18.162720394364726,21.353418836545664,17.900032575130176,18.015448176530953,17.339928593916213,18.256003345314888,17.98380813485258,18.116727712902502,20.50976225816817,17.03118481088519,18.15323492644133,17.207310586516677,14.46669321578018,19.75722007452336,18.659121441485695,19.278470884686683,17.707629166643358,19.632644881582614,17.334300820768487,18.934913284758313,16.966928915059494,19.35572378980633,18.59725071193065,15.689359990393289,20.387218791156208,19.84972835623475,17.246440141538546,18.97817883353915,16.54808512723836,16.971023657415838,18.99313156210367,17.770743881628565,15.711984853273707,16.056051663643103,17.324264719471362,17.005069148606317,16.623253467907766,18.01719923126386,17.53993251885281,18.496067946013284,17.498841110457793,19.053128630659643,18.783905966528618,17.929572721900563,16.79375345445196,17.11103030326842
19.828897052213495,19.307013909244986,19.19531419806033,18.46430405443282,17.898368234849872,19.52163247137838,18.168057801217444,18.797913405818672,20.181357695128224,16.976046775081304,16.963032830725595,24.181502980969583,20.204576771411446,19.16690145787206,20.86701445215089,17.946461439779736,21.069434511719987,17.91475482620123,20.426372286230567,15.791473573877076,16.750822773422815,17.287053290803506,17.803371903603832,19.028134327556977,18.177297689136132,17.62249345266959,16.688268055383492,19.337609593744755,17.068775140756696,19.097223361535203,19.185442559469664,22.203923157650745,17.747134046315267,20.239122316379856,18.423976567314426,18.64753040438469,18.475102513144588,19.199133234266398,17.89547313103653,18.9779298539695,20.815071779283016,18.225050232478093,18.693711371657088,16.44809364127437,16.92133325376261,20.08489893325644,19.63157017018077,20.564329132065147,20.655979522663756,19.40310491323891,19.490630863969024,18.989757401968788,17.624558320858416,17.61000917970708,19.90066536994252,17.10387636198785,19.396318064843364,19.299535325768222,18.63110001811039,20.76137942571661,19.02864998427433,18.665232357078153,19.09283997668889,19.219329085822682,15.427003195956244,15.174450808466037,17.929049208576743,17.672078115518037,16.897578498389333,19.215103450663985,18.281107843707755,17.72650119501209,19.62566953192306,17.7087202888304,19.529930124680586,18.361413404753524,17.436911964312657,18.03213072400131
23.136646778392898,20.297221404928344,19.839146077484312,19.002728231493418,19.23900625150401,20.03946000880158,20.45353397624588,20.747430141000837,21.539274535493206,19.36653477086045,18.497869717799677,20.204576771411446,28.471114486423634,19.77711167808368,22.920841874364157,21.07105791536743,22.12837719213475,19.14918166076883,22.579824316186187,18.53867518770205,17.32438380628945,20.50478397854672,19.113988714973583,21.188401874719904,19.231806392240337,16.491234129223354,19.214839429805714,19.759937049011157,17.8057085379246,21.0754070012771,19.70595513161944,22.545566779445632,19.67346216609561,22.433005192284668,19.351176409718803,18.943286650480104,20.020429588027415,21.16790339408797,20.526353840643985,22.915859258522836,22.75005698739089,19.434527795856464,20.332340239272312,18.272287494149385,17.769959998968396,22.310360097778346,20.521927899470988,21.692710017710382,22.45101167866598,21.160130781021095,20.337928278527144,22.103644012859107,20.176851724713117,19.086575778705686,22.197752075127646,17.518144562941437,21.818719544578254,22.913766117997046,21.761868503730984,21.112961941994325,18.7033700754294,18.383785289409236,20.86034305482475,21.332233848974578,18.02040057784131,16.717194838032665,21.285487943112162,19.270037631588806,17.579075408950587,20.36420303898948,19.925878156508116,20.784079831589757,20.487045203572336,20.381426692581158,17.968240819768333,20.384294168245454,19.324022578042836,20.384502002289423
19.365880167712554,19.119898050692242,18.489190984779015,18.641186348700874,19.146380629804383,17.382361435780464,17.629218009622196,19.687269372092597,20.026092001370746,17.37971545900815,17.451223338482766,19.16690145787206,19.77711167808368,24.577326701919645,22.591090582017088,17.634606679229442,18.976279344255396,17.836178668198187,20.29567043424343,16.710674976696808,17.709930518173213,16.98385881381053,18.28710164679338,18.799628769114772,17.852751382072476,17.396988911035137,16.854814416645223,19.32519067203704,18.21926831357331,21.77679212691221,18.998048568226412,21.366630633854406,19.57211915097736,21.24246127075097,18.40587869614017,19.28733178770455,19.69445311482354,19.31573825700549,18.03571836706887,19.648280818868955,20.679427580264626,18.643387930328764,19.609415414550188,17.333549333972723,17.481741208654697,19.825726633210927,18.658393689096993,21.117139831679772,18.73545669766405,19.953022797899155,18.909701168484712,18.931069282193413,17.138657132564365,18.976844212141376,20.318545219249753,16.311110831009035,20.93054009636407,20.47956249560952,20.050889142356766,20.57601722728357,18.72836941011432,19.111409756458823,19.937881184400997,19.50734298310534,15.760671329417018,16.197997795102324,17.735828587859633,18.343824635552462,17.155267451061015,19.662371306081805,18.9184280033117,19.452247199598325,18.730281186248973,18.327118688235345,17.938920919296756,18.368893168178403,18.843557745694827,18.13603943480428
22.020474737396782,21.359811384297746,21.28404500022781,22.002197757119077,20.901649025566595,20.147356757924616,20.163360595370197,21.803366540876144,23.959123287040743,21.00525170839381,19.428402658036543,20.86701445215089,22.920841874364157,22.591090582017088,30.291514921171043,21.059856839951376,21.170950914904566,19.905976632228626,23.58891267511219,18.565914525524004,18.764093606491347,20.47938941649238,20.69024534612643,20.597732874480023,21.39128527969895,19.15239036449689,20.2369702727142,19.866413508581132,18.219063137809258,22.775565657502376,20.688280099128924,24.963402334362947,20.396114672426684,23.242601035244743,20.760153601731723,21.831174372788034,20.60575411885357,21.143360590909655,20.807968528964643,23.021101175982956,24.378055821544383,20.729540106139112,21.434809194527563,19.578368396590022,19.44777502606076,22.384801271222628,22.18306107163459,22.332635086903313,21.862437056307325,22.22881637068969,22.001016618494567,23.726319296824588,21.276084380730307,22.315193871735325,22.714738162503895,18.436380423373596,23.169428938579085,22.561742591628846,22.223471629724276,22.221514465634474,20.40742330025408,21.454533437632193,22.298315194553766,21.459944338210104,19.25260887657697,19.346533357511692,19.84309772598067,20.578031671988906,18.214723441044555,22.45633767575013,21.11484656064832,22.799881254011158,20.51843249405811,21.62682253189551,18.774974633383273,20.090356865605784,19.734385855890274,20.348447688840224
20.039580959688614,17.41703390185028,17.6981324692255,17.555811069008982,16.534853374258713,18.217896204375524,17.349455457388533,18.11340163422533,19.6740115224656,18.037375597411202,17.389520248824365,17.946461439779736,21.07105791536743,17.634606679229442,21.059856839951376,24.017201716957906,18.4217727389514,17.03197826178993,22.34000703310369,15.57127394514499,16.313390674907993,16.77598814144446,16.9953272628747,19.72060134080562,18.911812259399465,17.040302390279123,17.08405888909414,18.66344833562416,16.574129246025617,19.736106737683237,19.686193986703092,22.02224529175387,17.38675073344195,21.01614279301368,16.70854552565694,18.576070242073182,18.773387195970685,19.47238514439797,18.18397752419104,21.280057570088385,20.551907733232884,18.169938515804837,18.07320077216483,16.30919661636928,15.520886670452674,20.562824042688632,17.946939660625866,19.799441446043385,20.281842343576187,18.551014955614328,18.131645768261397,20.44975237428268,18.581128445438445,18.217710967115444,18.85927889657605,15.028859244367299,19.669037142792366,19.641534285544274,18.967333899837254,19.323932617855853,16.969541697084676,17.33595433900419,19.647343444080107,18.600157283005277,17.161375341718443,15.091314849791438,18.794646228015882,16.768269748170194,15.795684074545614,18.565017770413164,19.160476779008597,18.998738878202587,17.639140697273596,19.73136647881589,18.45323193728876,18.310000972982873,16.812770404661617,18.586901798171958
21.816784332690855,19.80214747987715,20.821170553965466,17.626466843348542,18.565501457229896,20.16363238775812,20.775366155500336,19.420158948085174,22.010189276444112,19.370112535935817,18.858481779690315,21.069434511719987,22.12837719213475,18.976279344255396,21.170950914904566,18.4217727389514,27.24120174718094,18.845852927025053,21.41139344219147,17.64309937614255,17.471732746756835,18.623842130949253,19.318290882169403,20.77320621361026,19.613101944688896,18.664454561737617,18.597686647300993,19.938018763023194,18.905949877764872,20.29563084026903,20.58544925065369,23.156965130223938,18.980609163404882,21.5473556227835,20.001692179945103,20.171919077336813,19.80089162989885,21.48573490816429,20.038265118056007,20.950605443828135,22.33012601198826,18.46990601826073,20.40901994791755,16.812046700490775,17.639013925237165,21.070019898670477,20.33586829073904,23.323656642367286,20.962969314953252,19.915229509004767,19.669189356911964,19.627198686793854,19.100487928454193,19.930366942114436,21.13151972791011,17.791990308690114,21.13819765911581,22.66592944480281,19.66160377860508,22.258050080775096,17.505296757836998,18.990219978721935,21.408822582548503,20.426370157100216,17.84498560279515,16.778974794332434,20.297331663087295,18.11430124224858,18.694188238260562,20.208768880147808,19.634250367780496,19.55404482166496,20.359174461376632,18.461103579035537,19.458285004613536,19.284326546042998,17.86115037757745,20.538337106621768
20.894236879884815,18.957668877371272,19.607919795811938,18.714123188983734,16.978519983439814,17.91290365801832,19.3632635394988,19.143841180370927,20.00324009875302,17.915707259713113,16.413761869781197,17.91475482620123,19.14918166076883,17.836178668198187,19.905976632228626,17.03197826178993,18.845852927025053,25.046592386631588,19.899889855136546,16.583884622855912,18.519297291485344,17.88503542496959,18.126120170487297,18.89885280691741,18.916816308178873,18.331955239521537,17.146658621079776,18.46149600889603,16.121472940967937,19.932487998351448,19.27016844376462,21.763537950893635,20.24577821540228,20.356821021053083,17.00363804639834,18.781790925689027,20.43680564440475,19.59399558888087,19.012382461217303,19.775214470141574,22.02957946943929,18.305643776514497,19.963050062480754,17.157325777086456,16.983710174642905,20.70286175528047,19.438345045786697,21.160013177870564,19.620936608919195,20.124125095641467,19.382954157102223,18.724985884801228,17.732376369891472,18.021792626727894,21.107160338709384,16.427794458364183,20.86408812986691,21.012476286426253,19.705706347180033,20.251652918705368,19.101179766311134,17.020473331158808,18.024335010186302,17.80012152420343,17.810585238879728,16.895599552853188,19.246334268194264,17.83454651942245,16.631660083265896,19.54669088363776,20.328666424570457,20.166958576507337,17.956055785268532,18.176464300737887,18.193413844829706,18.75019331147135,18.50220790924761,19.300477807567052
22.063771705040846,20.52828782398787,21.465115297585548,20.273211509888895,18.99148905536792,19.750319610562283,21.60696106676248,22.103222806779012,21.778635733649917,18.48522640741314,19.727327061318608,20.426372286230567,22.579824316186187,20.29567043424343,23.58891267511219,22.34000703310369,21.41139344219147,19.899889855136546,29.722970387683056,17.528800505625874,18.503655366237236,19.136419134098865,18.10947179391906,23.029523375016232,21.51809358171316,19.898790294766567,19.865712451078387,19.970553532860208,18.53802829479873,22.53510366779276,20.497971597113608,24.54125091216301,19.79174280973877,23.636262336363806,20.94877062918456,21.74594143369301,20.95609864332568,22.16998615855095,19.817945829752325,23.357046160135102,24.02784734241898,20.43545503288157,22.12308977286364,19.709386065267886,19.04425076529201,22.887673029755497,20.89120732209228,22.661100593312195,21.32173480079892,21.271985829692525,21.23298932801148,21.51287034246072,20.583784710922753,21.867621739951762,23.69945441549056,17.62260909885497,22.379799655579898,22.1308794308147,21.442900871053954,23.338451570318913,19.642961535098227,20.158060436253514,21.842876506931198,21.212939031282122,19.67708349490564,17.865891735108363,21.81042192358225,18.580212514616296,18.243597977668184,21.02541637294812,21.444977899349695,21.24149855554106,19.24238582155407,21.63870089137622,21.087448386719643,21.468533649475862,20.355768529142207,20.71200066135508
17.098370528920924,15.991865041547877,17.36623204162427,14.403524371162044,15.7848764805331,15.21810342019376,17.827365036755012,17.06268421132281,18.455240591919328,16.679231643292667,14.451955656373542,15.791473573877076,18.53867518770205,16.710674976696808,18.565914525524004,15.57127394514499,17.64309937614255,16.583884622855912,17.528800505625874,19.512403194652542,15.156150177322749,16.073779019614275,15.075986672046382,16.702061621225244,16.58990607320865,15.968416579283499,14.90025387602783,15.136568727320139,14.904163217579638,18.065549244482487,15.635130089954504,18.692528439547004,15.928172056659971,18.115255119643365,16.454191344239707,16.607708982917814,18.332509335582266,16.633586360779038,16.446413430874962,18.08733196610161,16.97589705766672,16.044034228527295,18.04292805628546,16.246387266969524,14.458867489440456,18.557315984798368,15.340280919587366,19.101862154119647,17.12951854435042,17.131240897208148,14.990850275943805,17.357802922545847,16.12265276480629,16.47521582345918,17.323334971962712,14.832080724808936,17.019350011978148,18.941326389370932,15.901325475734334,18.09677972314051,15.221358421765142,14.5299646837261,17.627400256765743,16.341036311980982,14.953502246765565,14.266889960841532,16.881148295446984,16.940856893516965,15.143432194177185,17.56400131181279,16.5701787092536,17.77243358531719,16.477852675169732,15.444046589996608,14.835797590241082,15.272512302337013,15.420421764212715,16.137215467618326
17.482739913256328,17.00657891755178,16.08286522759388,16.40686348958204,15.450157527674081,16.918653437437868,17.712081930503103,19.081766299313454,18.319914357726184,15.262936505462077,16.141680426647714,16.750822773422815,17.32438380628945,17.709930518173213,18.764093606491347,16.313390674907993,17.471732746756835,18.519297291485344,18.503655366237236,15.156150177322749,22.44078633235779,16.00604718963949,16.678103322528603,18.451326274084924,17.123120248857138,16.053424028422135,16.23833155178357,17.1174932023994,15.855846596931546,19.99284217128509,16.5115554221224,21.122854968478006,18.67844771836452,19.861739388972097,17.041508664724898,18.148287264386806,17.606015549110214,19.16029761458298,15.870963671891705,18.420764881438643,19.859453306054146,17.114316618443244,18.75473924552699,16.61589493347463,16.26033988821821,19.241741488019745,18.086391007514383,18.849379115928496,17.582060564318144,18.994566363679013,16.858763088383803,16.544401667131076,15.550523091328278,16.31132965132778,17.194235154032093,13.242045512533817,17.473876532955696,18.6717753590388,18.035462904562905,18.495731128609993,16.30771509068668,16.38211314444309,16.557306129848204,17.654830829694607,15.070269649446338,16.504201476206745,17.703338297734206,17.30095117678072,14.951307273634706,18.13533757740677,17.729619169798394,18.34499810263861,15.516174414953394,17.34290784274959,16.382132335261332,16.65919634729383,16.163590433678326,16.203046082063302
18.40006382249526,18.712881308987473,18.26918380572109,18.41311804325243,17.869473871018506,16.91258325948117,17.852926320538003,18.974931412407443,19.952878729681636,17.10200102399485,17.719568837024017,17.287053290803506,20.50478397854672,16.98385881381053,20.47938941649238,16.77598814144446,18.623842130949253,17.88503542496959,19.136419134098865,16.073779019614275,16.00604718963949,22.568110406366305,17.075824736997994,17.318629817536543,16.773186298252963,16.264828589222162,17.991891116020387,17.261150297805408,15.732121225026066,19.163252678876454,17.919258547011008,22.294326994382292,16.34862793064001,18.93795534286781,18.344519203204523,17.677678801026904,18.191110368037986,19.249050790270967,18.55780608187984,19.360971273513393,20.13840217705236,17.78763718302364,18.234808379728054,16.28119061755585,14.283961339164991,20.09577672316421,18.7826547943836,20.278369611567385,18.65307924001379,18.692817649443185,18.488594028606958,18.075923513201968,18.029761524437156,17.703687419902696,19.357420304638886,15.304181745326684,19.958723424496938,20.777692604134522,16.759949638258888,18.188780703096985,18.335805691919152,16.845663731184203,18.565176993011377,18.252294679306054,16.60518505404581,15.829877697117924,17.62985059896269,17.589675153036936,15.967538890892348,19.740000510299744,18.76212406198689,17.43253234797299,16.92570170325528,17.4222338903802,17.187684324694253,17.80623147594982,16.90234821798785,17.17999137187457
18.095222328244535,18.71080629537457,17.811432241338412,17.468598004974915,17.40352245660975,17.345872531549663,16.78792016602186,17.62415966161318,19.356929460190184,15.996485938107954,17.703524158854506,17.803371903603832,19.113988714973583,18.28710164679338,20.69024534612643,16.9953272628747,19.318290882169403,18.126120170487297,18.10947179391906,15.075986672046382,16.678103322528603,17.075824736997994,23.83011648421531,18.56965093045653,17.74281846617864,16.57971275301766,17.31276515461753,18.357389787678073,16.36967295790263,19.36457668823798,17.90212830010768,20.940705566648017,18.22560235130204,21.069390568315203,17.112209842950197,18.470290312779348,19.48392234221838,19.93702056529035,19.526000942975077,19.11137268126027,20.212471433415118,16.999052470383923,17.24128502069661,16.89608374573135,16.675890613323233,19.273085836635897,20.01441956588402,20.279396660947686,19.283357449190415,19.490410947608027,17.6591721052364,19.569695808104907,17.291727991707575,17.81372551374096,18.471201901450716,15.31207599156002,20.27785758874816,20.244811383565537,18.864147172666545,18.810802771929893,19.093637089501055,17.57621143735969,17.461827446002346,17.579062876255676,15.46392263462185,15.560015483337164,17.739304819502173,18.092783596680803,13.962395083358862,18.305828969582095,18.8740065801065,18.819234933030945,18.259958127747705,19.73492930780225,17.92176786375702,18.186300031981517,16.447156314817306,16.83164772042416
20.648165148551968,19.215090005788515,19.27823356134306,18.6437011462914,16.38121765090833,18.83691520325799,19.821405273287926,20.834657424131095,19.40364917201651,18.16267571151782,17.222648269951776,19.028134327556977,21.188401874719904,18.799628769114772,20.597732874480023,19.72060134080562,20.77320621361026,18.89885280691741,23.029523375016232,16.702061621225244,18.451326274084924,17.318629817536543,18.56965093045653,26.166435493877128,18.87520792331087,17.592296978548315,17.852691535297605,19.8874222025738,17.59082092678835,22.027619841147775,18.60573147478051,21.85351099628703,19.52380672612309,21.71068704553042,19.758190530007674,18.519560327885927,18.869000323383467,20.95829534552944,18.552363322595145,22.044540561396584,21.27031553372021,18.584495716541305,19.159902478030055,16.325179196633815,16.747872148767616,20.41980428386536,20.51536859175763,22.133381766604167,20.67637043008296,20.355279406202765,19.2751727096862,19.775190973559273,18.3134923363771,19.59762268525199,20.42756488824929,17.157703275906247,20.41885075020903,20.231398559703354,20.467516214389594,21.352736694487607,18.14488717036719,18.358559712533065,19.492033813105888,19.124924314913645,17.266190209556356,16.293413248834213,19.736766883405,19.674680555478464,16.547001307441448,18.41768064836813,19.96741074477834,19.417398850521717,18.019119257697852,19.71653201608299,18.819156505439423,18.90758110736935,18.57843476464649,18.088264891342405
19.63725700255815,17.502383073198367,18.695198109333298,17.930183958778038,18.68975787159506,17.604397743417564,19.338174477192055,19.670658815560284,23.06980984389109,17.726801345725978,19.465525544245004,18.177297689136132,19.231806392240337,17.852751382072476,21.39128527969895,18.911812259399465,19.613101944688896,18.916816308178873,21.51809358171316,16.58990607320865,17.123120248857138,16.773186298252963,17.74281846617864,18.87520792331087,26.599320974772496,17.7229334828191,17.056617944263692,18.20191654390071,18.154731920771727,20.645827651512644,19.33988825679551,21.982190785096165,19.182921411245186,21.81903115728375,18.68565760037177,19.142134428233703,18.84119217000919,18.685335522686433,19.661178800465287,22.132843845014477,23.072623999684684,17.712281429951013,19.59480456421096,18.22777085429027,16.577371731406455,22.202998700581087,19.53886630686262,22.39793229273023,20.724940118147703,20.314043325363304,18.794268326692116,20.553230098136222,19.384979035201898,21.02248742970094,21.026380834616493,16.356520919809267,21.360264422629516,21.444539403746116,18.983973458818962,20.687892802321297,17.494236709756372,16.86688487701068,20.041623095282258,19.2123621286017,17.256781162423078,15.516085299915266,17.548405411412205,17.746112825810542,17.19984810015668,20.213613679022355,18.995165344488328,19.570499023824482,19.133288873907958,20.720988169330212,18.514491687279662,17.336642416626837,17.87004297251533,18.952732465443344
17.573491329238376,17.193269108558965,18.58632897746441,16.59151430281279,17.35031966408138,16.515547290853245,18.86570220780911,17.569663869302566,18.69111710809768,16.613448562244017,15.810564007664988,17.62249345266959,16.491234129223354,17.396988911035137,19.15239036449689,17.040302390279123,18.664454561737617,18.331955239521537,19.898790294766567,15.968416579283499,16.053424028422135,16.264828589222162,16.57971275301766,17.592296978548315,17.7229334828191,23.23034881049053,16.342445123903808,17.15507028655834,16.435221521047776,19.794850601806314,18.364231274371782,20.459055394797684,17.382793904108212,20.750416340613796,16.062455915837834,19.595035043750997,17.6649263733753,17.41956355445118,17.953480463895048,19.476266506509674,20.28953527141064,16.518108334668963,17.65622998812,16.49157078756947,15.948627091533407,18.819190142294115,19.16254238551759,20.001307279408476,17.694748730199976,17.30583291686334,16.759006918278537,17.89530323127497,17.365518988078108,17.710022602468772,18.290733487516693,15.356569783245833,19.560573007674353,19.515979233359168,17.22067233569583,19.161607074910332,16.109720577198118,16.448549906404097,18.581733292420886,18.3071396006639,16.515986023526484,14.956759873899793,16.468361029815778,17.375971808374242,16.640730707912397,18.066914537193334,19.191647433822812,17.614404339921133,16.288940812773493,17.525124221481033,17.59008171913228,18.300527934158428,17.135362337853415,16.62257994914113
17.001779665569245,17.428074658371724,16.94989680089132,17.958827623645426,16.828656917642828,17.07478966486201,18.162319931518933,17.91474758110602,18.79483460751362,17.906325194075276,16.845370482713918,16.688268055383492,19.214839429805714,16.854814416645223,20.2369702727142,17.08405888909414,18.597686647300993,17.146658621079776,19.865712451078387,14.90025387602783,16.23833155178357,17.991891116020387,17.31276515461753,17.852691535297605,17.056617944263692,16.342445123903808,23.04668487518714,16.55227940550836,16.159030043733747,18.556411310713262,16.91681742996228,21.52384086224905,16.508153274933083,20.0194953716798,16.786662132228635,18.04115846605471,17.43560722410545,20.113365873387412,18.80745005880002,18.51964986809389,19.25318036236934,17.723753955668876,18.103038111359908,15.593670350989779,15.921004435707049,20.273264607825222,18.51335339609113,18.530627509168042,18.104926084170994,18.510215382002883,18.640932126884337,18.528738733205998,17.34213769984408,17.34082517134068,19.15473121875315,15.90555119290842,19.41828224757256,19.74941465682588,18.429350038614846,18.08834560752097,18.48608874340624,16.076821736076983,18.639329336830144,17.805839438366355,15.343756524988992,16.735565521572017,18.450535112284815,17.722100528525587,14.890664581159205,18.891927755630856,17.334593190058108,17.21185712526624,16.1781806464818,17.61795635176715,16.646720926484694,17.875176146349553,15.130857126690465,16.592482216897125
